    00000000000000000000000000000000000000000000000000000000000000000000000000000000000000000000000000001111111111111111111111111111
    00000000001111111111222222222233333333334444444444555555555566666666667777777777888888888899999999990000000000000000000022222222
    01234567890123456789012345678901234567890123456789012345678901234567890123456789012345678901234567890123456789012345678901234567   
   
    00000000000000000000000000000000222222222222222233333333333333334444444444444444555555555555555566666666666666667777777777777777
    0123456789ABCDEF0123456789ABCDEF0123456789ABCDEF0123456789ABCDEF0123456789ABCDEF0123456789ABCDEF0123456789ABCDEF0123456789ABCDEF
-----------------------------------------------------------------------------------------------------------------------------------
000|22222222222222222222222222222222222222222222222222222222222222222222222222222222222222222222222222222222222222222222222222222222
001|22222222222222222222222222222222222222222222222222222222222222222222222222222222222222222222222222222222222222222222222222222222
002|22222222222222222222222222222222222222222222222222222222222222222222222222222222222222222222222222222222222222222222222222222222
003|22222222222222222222222222222222222222222222222222222222222222222222222222222222222222222222222222222222222222222222222222222222
004|00000000000000000000000000000000000000000000000000000000000000000000000000000000000000000000000000000000000000000000000000000000
005|00000000000000000000000000000000000000000000000000000000000000000000000000000000000000000000000000000000000000000000000000000000
006|00000000000000000000000000000000000000000000000000000000000000000000000000000000000000000000000000000000000000000000000000000000
007|00000000000000000000000000000000000000000000000000000000000000000000000000000000000000000000000000000000000000000000000000000000
008|00000000000000000000000000000000000000000000000000000000000000000000000000000000000000000000000000000000000000000000000000000000
009|00000000000000000000000000000000000000000000000000000000000000000000000000000000000000000000000000000000000000000000000000000000
00A|00000000000000000000000000000000000000000000000000000000000000000000000000000000000000000000000000000000000000000000000000000000
00B|00000000000000000000000000000000000000000000000000000000000000000000000000000000000000000000000000000000000000000000000000000000
00C|00000000000000000000000000000000000000000000000000000000000000000000000000000000000000000000000000000000000000000000000000000000
00D|00000000000000000000000000000000000000000000000000000000000000000000000000000000000000000000000000000000000000000000000000000000
00E|00000000000000000000000000000000000000000000000000000000000000000000000000000000000000000000000000000000000000000000000000000000
00F|00000000000000000000000000000000000000000000000000000000000000000000000000000000000000000000000000000000000000000000000000000000
010|00000000000000000000000000000000000000000000000000000000000000000000000000000000000000000000000000000000000000000000000000000000
011|00000000000000000000000000000000000000000000000000000000000000000000000000000000000000000000000000000000000000000000000000000000
012|00000000000000000000000000000000000000000000000000000000000000000000000000000000000000000000000000000000000000000000000000000000
013|00000000000000000000000000000000000000000000000000000000000000000000000000000000000000000000000000000000000000000000000000000000
014|00000000000000000000000000000000000000000000000000000000000000000000000000000000000000000000000000000000000000000000000000000000
015|00000000000000000000000000000000000000000000000000000000000000000000000000000000000000000000000000000000000000000000000000000000
016|00000000000000000000000000000000000000000000000000000000000000000000000000000000000000000000000000000000000000000000000000000000
017|00000000000000000000000000000000000000000000000000000000000000000000000000000000000000000000000000000000000000000000000000000000
018|00000000000000000000000000000000000000000000000000000000000000000000000000000000000000000000000000000000000000000000000000000000
019|00000000000000000000000000000000000000000000000000000000000000000000000000000000000000000000000000000000000000000000000000000000
01A|00000000000000000000000000000000000000000000000000000000000000000000000000000000000000000000000000000000000000000000000000000000
01B|00000000000000000000000000000000000000000000000000000000000000000000000000000000000000000000000000000000000000000000000000000000
01C|00000000000000000000000000000000000000000000000000000000000000000000000000000000000000000000000000000000000000000000000000000000
01D|00000000000000000000000000000000000000000000000000000000000000000000000000000000000000000000000000000000000000000000000000000000
01E|00000000000000000000000000000000000000000000000000000000000000000000000000000000000000000000000000000000000000000000000000000000
00F|00000000000000000000000000000000000000000000000000000000000000000000000000000000000000000000000000000000000000000000000000000000
020|00000000000000000000000000000000000000000000000000000000000000000000000000000000000000000000000000000000000000000000000000000000
021|00000000000000000000000000000000000000000000000000000000000000000000000000000000000000000000000000000000000000000000000000000000
022|00000000000000000000000000000000000000000000000000000000000000000000000000000000000000000000000000000000000000000000000000000000
023|00000000000000000000000000000000000000000000000000000000000000000000000000000000000000000000000000000000000000000000000000000000
024|00000000000000000000000000000000000000000000000000000000000000000000000000000000000000000000000000000000000000000000000000000000
025|00000000000000000000000000000000000000000000000000000000000000000000000000000000000000000000000000000000000000000000000000000000
026|00000000000000000000000000000000000000000000000000000000000000000000000000000000000000000000000000000000000000000000000000000000
027|00000000000000000000000000000000000000000000000000000000000000000000000000000000000000000000000000000000000000000000000000000000
028|00000000000000000000000000000000000000000000000000000000000000000000000000000000000000000000000000000000000000000000000000000000
029|00000000000000000000000000000000000000000000000000000000000000000000000000000000000000000000000000000000000000000000000000000000
02A|00000000000000000000000000000000000000000000000000000000000000000000000000000000000000000000000000000000000000000000000000000000
02B|00000000000000000000000000000000000000000000000000000000000000000000000000000000000000000000000000000000000000000000000000000000
02C|00000000000000000000000000000000000000000000000000000000000000000000000000000000000000000000000000000000000000000000000000000000
02D|00000000000000000000000000000000000000000000000000000000000000000000000000000000000000000000000000000000000000000000000000000000
02E|00000000000000000000000000000000000000000000000000000000000000000000000000000000000000000000000000000000000000000000000000000000
02F|00000000000000000000000000000000000000000000000000000000000000000000000000000000000000000000000000000000000000000000000000000000
030|00000000000000000000000000000000000000000000000000000000000000000000000000000000000000000000000000000000000000000000000000000000
031|00000000000000000000000000000000000000000000000000000000000000000000000000000000000000000000000000000000000000000000000000000000
032|00000000000000000000000000000000000000000000000000000000000000000000000000000000000000000000000000000000000000000000000000000000
033|00000000000000000000000000000000000000000000000000000000000000000000000000000000000000000000000000000000000000000000000000000000
034|00000000000000000000000000000000000000000000000000000000000000000000000000000000000000000000000000000000000000000000000000000000
035|00000000000000000000000000000000000000000000000000000000000000000000000000000000000000000000000000000000000000000000000000000000
036|00000000000000000000000000000000000000000000000000000000000000000000000000000000000000000000000000000000000000000000000000000000
037|00000000000000000000000000000000000000000000000000000000000000000000000000000000000000000000000000000000000000000000000000000000
038|00000000000000000000000000000000000000000000000000000000000000000000000000000000000000000000000000000000000000000000000000000000
039|00000000000000000000000000000000000000000000000000000000000000000000000000000000000000000000000000000000000000000000000000000000
03A|00000000000000000000000000000000000000000000000000000000000000000000000000000000000000000000000000000000000000000000000000000000
03B|00000000000000000000000000000000000000000000000000000000000000000000000000000000000000000000000000000000000000000000000000000000
03C|11000011111111111111111111111111111111111111111111111111111111111111111111111111111111111111111111111111111111111111111111111111
03D|00000010000000000000000000000000000000000000000000000000000000000000000000000000000000000000000000000000000000000000000000000000
03E|00000010000000000000000000000000000000000000000000000000000000000000000000000000000000000000000000000000000000000000000000000000
03F|00000010000000000000000000000000000000000000000000000000000000000000000000000000000000000000000000000000000000000000000000000000
040|11000011111111111111111111111111111111111111111111111111111111111111111111111111111111111111111111111111111111111111111111111111
041|00000000000000000000000000000000000000000000000000000000000000000000000000000000000000000000000000000000000000000000000000000000
042|00000000000000000000000000000000000000000000000000000000000000000000000000000000000000000000000000000000000000000000000000000000
043|00000000000000000000000000000000000000000000000000000000000000000000000000000000000000000000000000000000000000000000000000000000
044|00000000000000000000000000000000000000000000000000000000000000000000000000000000000000000000000000000000000000000000000000000000
045|00000000000000000000000000000000000000000000000000000000000000000000000000000000000000000000000000000000000000000000000000000000
046|00000000000000000000000000000000000000000000000000000000000000000000000000000000000000000000000000000000000000000000000000000000
047|00000000000000000000000000000000000000000000000000000000000000000000000000000000000000000000000000000000000000000000000000000000
048|00000000000000000000000000000000000000000000000000000000000000000000000000000000000000000000000000000000000000000000000000000000
049|00000000000000000000000000000000000000000000000000000000000000000000000000000000000000000000000000000000000000000000000000000000
04A|00000000000000000000000000000000000000000000000000000000000000000000000000000000000000000000000000000000000000000000000000000000
04B|00000000000000000000000000000000000000000000000000000000000000000000000000000000000000000000000000000000000000000000000000000000
04C|00000000000000000000000000000000000000000000000000000000000000000000000000000000000000000000000000000000000000000000000000000000
04D|00000000000000000000000000000000000000000000000000000000000000000000000000000000000000000000000000000000000000000000000000000000
04E|00000000000000000000000000000000000000000000000000000000000000000000000000000000000000000000000000000000000000000000000000000000
04F|00000000000000000000000000000000000000000000000000000000000000000000000000000000000000000000000000000000000000000000000000000000
050|00000000000000000000000000000000000000000000000000000000000000000000000000000000000000000000000000000000000000000000000000000000
051|00000000000000000000000000000000000000000000000000000000000000000000000000000000000000000000000000000000000000000000000000000000
052|00000000000000000000000000000000000000000000000000000000000000000000000000000000000000000000000000000000000000000000000000000000
053|00000000000000000000000000000000000000000000000000000000000000000000000000000000000000000000000000000000000000000000000000000000
054|00000000000000000000000000000000000000000000000000000000000000000000000000000000000000000000000000000000000000000000000000000000
055|00000000000000000000000000000000000000000000000000000000000000000000000000000000000000000000000000000000000000000000000000000000
056|00000000000000000000000000000000000000000000000000000000000000000000000000000000000000000000000000000000000000000000000000000000
057|00000000000000000000000000000000000000000000000000000000000000000000000000000000000000000000000000000000000000000000000000000000
058|00000000000000000000000000000000000000000000000000000000000000000000000000000000000000000000000000000000000000000000000000000000
059|00000000000000000000000000000000000000000000000000000000000000000000000000000000000000000000000000000000000000000000000000000000
05A|00000000000000000000000000000000000000000000000000000000000000000000000000000000000000000000000000000000000000000000000000000000
05B|00000000000000000000000000000000000000000000000000000000000000000000000000000000000000000000000000000000000000000000000000000000
05C|00000000000000000000000000000000000000000000000000000000000000000000000000000000000000000000000000000000000000000000000000000000
05D|00000000000000000000000000000000000000000000000000000000000000000000000000000000000000000000000000000000000000000000000000000000
05E|00000000000000000000000000000000000000000000000000000000000000000000000000000000000000000000000000000000000000000000000000000000
05F|00000000000000000000000000000000000000000000000000000000000000000000000000000000000000000000000000000000000000000000000000000000
060|00000000000000000000000000000000000000000000000000000000000000000000000000000000000000000000000000000000000000000000000000000000
061|00000000000000000000000000000000000000000000000000000000000000000000000000000000000000000000000000000000000000000000000000000000
062|00000000000000000000000000000000000000000000000000000000000000000000000000000000000000000000000000000000000000000000000000000000
063|00000000000000000000000000000000000000000000000000000000000000000000000000000000000000000000000000000000000000000000000000000000
064|00000000000000000000000000000000000000000000000000000000000000000000000000000000000000000000000000000000000000000000000000000000
065|00000000000000000000000000000000000000000000000000000000000000000000000000000000000000000000000000000000000000000000000000000000
066|00000000000000000000000000000000000000000000000000000000000000000000000000000000000000000000000000000000000000000000000000000000
067|00000000000000000000000000000000000000000000000000000000000000000000000000000000000000000000000000000000000000000000000000000000
068|00000000000000000000000000000000000000000000000000000000000000000000000000000000000000000000000000000000000000000000000000000000
069|00000000000000000000000000000000000000000000000000000000000000000000000000000000000000000000000000000000000000000000000000000000
06A|00000000000000000000000000000000000000000000000000000000000000000000000000000000000000000000000000000000000000000000000000000000
06B|00000000000000000000000000000000000000000000000000000000000000000000000000000000000000000000000000000000000000000000000000000000
06C|00000000000000000000000000000000000000000000000000000000000000000000000000000000000000000000000000000000000000000000000000000000
06D|00000000000000000000000000000000000000000000000000000000000000000000000000000000000000000000000000000000000000000000000000000000
06E|00000000000000000000000000000000000000000000000000000000000000000000000000000000000000000000000000000000000000000000000000000000
06F|00000000000000000000000000000000000000000000000000000000000000000000000000000000000000000000000000000000000000000000000000000000
070|00000000000000000000000000000000000000000000000000000000000000000000000000000000000000000000000000000000000000000000000000000000
071|00000000000000000000000000000000000000000000000000000000000000000000000000000000000000000000000000000000000000000000000000000000
072|00000000000000000000000000000000000000000000000000000000000000000000000000000000000000000000000000000000000000000000000000000000
073|00000000000000000000000000000000000000000000000000000000000000000000000000000000000000000000000000000000000000000000000000000000
074|00000000000000000000000000000000000000000000000000000000000000000000000000000000000000000000000000000000000000000000000000000000
075|00000000000000000000000000000000000000000000000000000000000000000000000000000000000000000000000000000000000000000000000000000000
076|22222222222222222222222222222222222222222222222222222222222222222222222222222222222222222222222222222222222222222222222222222222
077|22222222222222222222222222222222222222222222222222222222222222222222222222222222222222222222222222222222222222222222222222222222
078|22222222222222222222222222222222222222222222222222222222222222222222222222222222222222222222222222222222222222222222222222222222
079|22222222222222222222222222222222222222222222222222222222222222222222222222222222222222222222222222222222222222222222222222222222
07A|22222222222222222222222222222222222222222222222222222222222222222222222222222222222222222222222222222222222222222222222222222222
07B|22222222222222222222222222222222222222222222222222222222222222222222222222222222222222222222222222222222222222222222222222222222
07C|22222222222222222222222222222222222222222222222222222222222222222222222222222222222222222222222222222222222222222222222222222222
07D|22222222222222222222222222222222222222222222222222222222222222222222222222222222222222222222222222222222222222222222222222222222
07E|22222222222222222222222222222222222222222222222222222222222222222222222222222222222222222222222222222222222222222222222222222222
07F|22222222222222222222222222222222222222222222222222222222222222222222222222222222222222222222222222222222222222222222222222222222
080|22222222222222222222222222222222222222222222222222222222222222222222222222222222222222222222222222222222222222222222222222222222
081|22222222222222222222222222222222222222222222222222222222222222222222222222222222222222222222222222222222222222222222222222222222
082|22222222222222222222222222222222222222222222222222222222222222222222222222222222222222222222222222222222222222222222222222222222
083|22222222222222222222222222222222222222222222222222222222222222222222222222222222222222222222222222222222222222222222222222222222
084|00000000000000000000000000000000000000000000000000000000000000000000000000000000000000000000000000000000000000000000000000000000
085|00000000000000000000000000000000000000000000000000000000000000000000000000000000000000000000000000000000000000000000000000000000
086|00000000000000000000000000000000000000000000000000000000000000000000000000000000000000000000000000000000000000000000000000000000
087|00000000000000000000000000000000000000000000000000000000000000000000000000000000000000000000000000000000000000000000000000000000
088|00000000000000000000000000000000000000000000000000000000000000000000000000000000000000000000000000000000000000000000000000000000
089|00000000000000000000000000000000000000000000000000000000000000000000000000000000000000000000000000000000000000000000000000000000
08A|00000000000000000000000000000000000000000000000000000000000000000000000000000000000000000000000000000000000000000000000000000000
08B|00000000000000000000000000000000000000000000000000000000000000000000000000000000000000000000000000000000000000000000000000000000
08C|00000000000000000000000000000000000000000000000000000000000000000000000000000000000000000000000000000000000000000000000000000000
08D|00000000000000000000000000000000000000000000000000000000000000000000000000000000000000000000000000000000000000000000000000000000
08E|00000000000000000000000000000000000000000000000000000000000000000000000000000000000000000000000000000000000000000000000000000000
08F|00000000000000000000000000000000000000000000000000000000000000000000000000000000000000000000000000000000000000000000000000000000
090|00000000000000000000000000000000000000000000000000000000000000000000000000000000000000000000000000000000000000000000000000000000
091|00000000000000000000000000000000000000000000000000000000000000000000000000000000000000000000000000000000000000000000000000000000
092|00000000000000000000000000000000000000000000000000000000000000000000000000000000000000000000000000000000000000000000000000000000
093|00000000000000000000000000000000000000000000000000000000000000000000000000000000000000000000000000000000000000000000000000000000
094|00000000000000000000000000000000000000000000000000000000000000000000000000000000000000000000000000000000000000000000000000000000
095|00000000000000000000000000000000000000000000000000000000000000000000000000000000000000000000000000000000000000000000000000000000
096|00000000000000000000000000000000000000000000000000000000000000000000000000000000000000000000000000000000000000000000000000000000
097|00000000000000000000000000000000000000000000000000000000000000000000000000000000000000000000000000000000000000000000000000000000
098|00000000000000000000000000000000000000000000000000000000000000000000000000000000000000000000000000000000000000000000000000000000
099|00000000000000000000000000000000000000000000000000000000000000000000000000000000000000000000000000000000000000000000000000000000
09A|00000000000000000000000000000000000000000000000000000000000000000000000000000000000000000000000000000000000000000000000000000000
09B|00000000000000000000000000000000000000000000000000000000000000000000000000000000000000000000000000000000000000000000000000000000
09C|00000000000000000000000000000000000000000000000000000000000000000000000000000000000000000000000000000000000000000000000000000000
09D|00000000000000000000000000000000000000000000000000000000000000000000000000000000000000000000000000000000000000000000000000000000
09E|00000000000000000000000000000000000000000000000000000000000000000000000000000000000000000000000000000000000000000000000000000000
09F|00000000000000000000000000000000000000000000000000000000000000000000000000000000000000000000000000000000000000000000000000000000
0A0|00000000000000000000000000000000000000000000000000000000000000000000000000000000000000000000000000000000000000000000000000000000
0A1|00000000000000000000000000000000000000000000000000000000000000000000000000000000000000000000000000000000000000000000000000000000
0A2|00000000000000000000000000000000000000000000000000000000000000000000000000000000000000000000000000000000000000000000000000000000
0A3|00000000000000000000000000000000000000000000000000000000000000000000000000000000000000000000000000000000000000000000000000000000
0A4|00000000000000000000000000000000000000000000000000000000000000000000000000000000000000000000000000000000000000000000000000000000
0A5|00000000000000000000000000000000000000000000000000000000000000000000000000000000000000000000000000000000000000000000000000000000
0A6|00000000000000000000000000000000000000000000000000000000000000000000000000000000000000000000000000000000000000000000000000000000
0A7|00000000000000000000000000000000000000000000000000000000000000000000000000000000000000000000000000000000000000000000000000000000
0A8|00000000000000000000000000000000000000000000000000000000000000000000000000000000000000000000000000000000000000000000000000000000
0A9|00000000000000000000000000000000000000000000000000000000000000000000000000000000000000000000000000000000000000000000000000000000
0AA|00000000000000000000000000000000000000000000000000000000000000000000000000000000000000000000000000000000000000000000000000000000
0AB|00000000000000000000000000000000000000000000000000000000000000000000000000000000000000000000000000000000000000000000000000000000
0AC|00000000000000000000000000000000000000000000000000000000000000000000000000000000000000000000000000000000000000000000000000000000
0AD|00000000000000000000000000000000000000000000000000000000000000000000000000000000000000000000000000000000000000000000000000000000
0AE|00000000000000000000000000000000000000000000000000000000000000000000000000000000000000000000000000000000000000000000000000000000
0AF|00000000000000000000000000000000000000000000000000000000000000000000000000000000000000000000000000000000000000000000000000000000
0B0|00000000000000000000000000000000000000000000000000000000000000000000000000000000000000000000000000000000000000000000000000000000
0B1|00000000000000000000000000000000000000000000000000000000000000000000000000000000000000000000000000000000000000000000000000000000
0B2|00000000000000000000000000000000000000000000000000000000000000000000000000000000000000000000000000000000000000000000000000000000
0B3|00000000000000000000000000000000000000000000000000000000000000000000000000000000000000000000000000000000000000000000000000000000
0B4|00000000000000000000000000000000000000000000000000000000000000000000000000000000000000000000000000000000000000000000000000000000
0B5|00000000000000000000000000000000000000000000000000000000000000000000000000000000000000000000000000000000000000000000000000000000
0B6|00000000000000000000000000000000000000000000000000000000000000000000000000000000000000000000000000000000000000000000000000000000
0B7|00000000000000000000000000000000000000000000000000000000000000000000000000000000000000000000000000000000000000000000000000000000
0B8|00000000000000000000000000000000000000000000000000000000000000000000000000000000000000000000000000000000000000000000000000000000
0B9|00000000000000000000000000000000000000000000000000000000000000000000000000000000000000000000000000000000000000000000000000000000
0BA|00000000000000000000000000000000000000000000000000000000000000000000000000000000000000000000000000000000000000000000000000000000
0BB|00000000000000000000000000000000000000000000000000000000000000000000000000000000000000000000000000000000000000000000000000000000
0BC|11111111111111111111111111111111111111111111111111111111111111111111111111111111111111111111111111111111111111111111111111111111
0BD|00000000000000000000000000000000000000000000000000000000000000000000000000000000000000000000000000000000000000000000000000000000
0BE|00000000000000000000000000000000000000000000000000000000000000000000000000000000000000000000000000000000000000000000000000000000
0BF|00000000000000000000000000000000000000000000000000000000000000000000000000000000000000000000000000000000000000000000000000000000
0C0|11111111111111111111111111111111111111111111111111111111111111111111111111111111111111111111111111111111111111111111111111111111
0C1|00000000000000000000000000000000000000000000000000000000000000000000000000000000000000000000000000000000000000000000000000000000
0C2|00000000000000000000000000000000000000000000000000000000000000000000000000000000000000000000000000000000000000000000000000000000
0C3|00000000000000000000000000000000000000000000000000000000000000000000000000000000000000000000000000000000000000000000000000000000
0C4|00000000000000000000000000000000000000000000000000000000000000000000000000000000000000000000000000000000000000000000000000000000
0C5|00000000000000000000000000000000000000000000000000000000000000000000000000000000000000000000000000000000000000000000000000000000
0C6|00000000000000000000000000000000000000000000000000000000000000000000000000000000000000000000000000000000000000000000000000000000
0C7|00000000000000000000000000000000000000000000000000000000000000000000000000000000000000000000000000000000000000000000000000000000
0C8|00000000000000000000000000000000000000000000000000000000000000000000000000000000000000000000000000000000000000000000000000000000
0C9|00000000000000000000000000000000000000000000000000000000000000000000000000000000000000000000000000000000000000000000000000000000
0CA|00000000000000000000000000000000000000000000000000000000000000000000000000000000000000000000000000000000000000000000000000000000
0CB|00000000000000000000000000000000000000000000000000000000000000000000000000000000000000000000000000000000000000000000000000000000
0CC|00000000000000000000000000000000000000000000000000000000000000000000000000000000000000000000000000000000000000000000000000000000
0CD|00000000000000000000000000000000000000000000000000000000000000000000000000000000000000000000000000000000000000000000000000000000
0CE|00000000000000000000000000000000000000000000000000000000000000000000000000000000000000000000000000000000000000000000000000000000
0CF|00000000000000000000000000000000000000000000000000000000000000000000000000000000000000000000000000000000000000000000000000000000
0D0|00000000000000000000000000000000000000000000000000000000000000000000000000000000000000000000000000000000000000000000000000000000
0D1|00000000000000000000000000000000000000000000000000000000000000000000000000000000000000000000000000000000000000000000000000000000
0D2|00000000000000000000000000000000000000000000000000000000000000000000000000000000000000000000000000000000000000000000000000000000
0D3|00000000000000000000000000000000000000000000000000000000000000000000000000000000000000000000000000000000000000000000000000000000
0D4|00000000000000000000000000000000000000000000000000000000000000000000000000000000000000000000000000000000000000000000000000000000
0D5|00000000000000000000000000000000000000000000000000000000000000000000000000000000000000000000000000000000000000000000000000000000
0D6|00000000000000000000000000000000000000000000000000000000000000000000000000000000000000000000000000000000000000000000000000000000
0D7|00000000000000000000000000000000000000000000000000000000000000000000000000000000000000000000000000000000000000000000000000000000
0D8|00000000000000000000000000000000000000000000000000000000000000000000000000000000000000000000000000000000000000000000000000000000
0D9|00000000000000000000000000000000000000000000000000000000000000000000000000000000000000000000000000000000000000000000000000000000
0DA|00000000000000000000000000000000000000000000000000000000000000000000000000000000000000000000000000000000000000000000000000000000
0DB|00000000000000000000000000000000000000000000000000000000000000000000000000000000000000000000000000000000000000000000000000000000
0DC|00000000000000000000000000000000000000000000000000000000000000000000000000000000000000000000000000000000000000000000000000000000
0DD|00000000000000000000000000000000000000000000000000000000000000000000000000000000000000000000000000000000000000000000000000000000
0DE|00000000000000000000000000000000000000000000000000000000000000000000000000000000000000000000000000000000000000000000000000000000
0DF|00000000000000000000000000000000000000000000000000000000000000000000000000000000000000000000000000000000000000000000000000000000
0E0|00000000000000000000000000000000000000000000000000000000000000000000000000000000000000000000000000000000000000000000000000000000
0E1|00000000000000000000000000000000000000000000000000000000000000000000000000000000000000000000000000000000000000000000000000000000
0E2|00000000000000000000000000000000000000000000000000000000000000000000000000000000000000000000000000000000000000000000000000000000
0E3|00000000000000000000000000000000000000000000000000000000000000000000000000000000000000000000000000000000000000000000000000000000
0E4|00000000000000000000000000000000000000000000000000000000000000000000000000000000000000000000000000000000000000000000000000000000
0E5|00000000000000000000000000000000000000000000000000000000000000000000000000000000000000000000000000000000000000000000000000000000
0E6|00000000000000000000000000000000000000000000000000000000000000000000000000000000000000000000000000000000000000000000000000000000
0E7|00000000000000000000000000000000000000000000000000000000000000000000000000000000000000000000000000000000000000000000000000000000
0E8|00000000000000000000000000000000000000000000000000000000000000000000000000000000000000000000000000000000000000000000000000000000
0E9|00000000000000000000000000000000000000000000000000000000000000000000000000000000000000000000000000000000000000000000000000000000
0EA|00000000000000000000000000000000000000000000000000000000000000000000000000000000000000000000000000000000000000000000000000000000
0EB|00000000000000000000000000000000000000000000000000000000000000000000000000000000000000000000000000000000000000000000000000000000
0EC|00000000000000000000000000000000000000000000000000000000000000000000000000000000000000000000000000000000000000000000000000000000
0ED|00000000000000000000000000000000000000000000000000000000000000000000000000000000000000000000000000000000000000000000000000000000
0EE|00000000000000000000000000000000000000000000000000000000000000000000000000000000000000000000000000000000000000000000000000000000
0EF|00000000000000000000000000000000000000000000000000000000000000000000000000000000000000000000000000000000000000000000000000000000
0F0|00000000000000000000000000000000000000000000000000000000000000000000000000000000000000000000000000000000000000000000000000000000
0F1|00000000000000000000000000000000000000000000000000000000000000000000000000000000000000000000000000000000000000000000000000000000
0F2|00000000000000000000000000000000000000000000000000000000000000000000000000000000000000000000000000000000000000000000000000000000
0F3|00000000000000000000000000000000000000000000000000000000000000000000000000000000000000000000000000000000000000000000000000000000
0F4|00000000000000000000000000000000000000000000000000000000000000000000000000000000000000000000000000000000000000000000000000000000
0F5|00000000000000000000000000000000000000000000000000000000000000000000000000000000000000000000000000000000000000000000000000000000
0F6|22222222222222222222222222222222222222222222222222222222222222222222222222222222222222222222222222222222222222222222222222222222
0F7|22222222222222222222222222222222222222222222222222222222222222222222222222222222222222222222222222222222222222222222222222222222
0F8|22222222222222222222222222222222222222222222222222222222222222222222222222222222222222222222222222222222222222222222222222222222
0F9|22222222222222222222222222222222222222222222222222222222222222222222222222222222222222222222222222222222222222222222222222222222
0FA|22222222222222222222222222222222222222222222222222222222222222222222222222222222222222222222222222222222222222222222222222222222
0FB|22222222222222222222222222222222222222222222222222222222222222222222222222222222222222222222222222222222222222222222222222222222
0FC|22222222222222222222222222222222222222222222222222222222222222222222222222222222222222222222222222222222222222222222222222222222
0FD|22222222222222222222222222222222222222222222222222222222222222222222222222222222222222222222222222222222222222222222222222222222
0FE|22222222222222222222222222222222222222222222222222222222222222222222222222222222222222222222222222222222222222222222222222222222
0FF|22222222222222222222222222222222222222222222222222222222222222222222222222222222222222222222222222222222222222222222222222222222
100|22222222222222222222222222222222222222222222222222222222222222222222222222222222222222222222222222222222222222222222222222222222
101|22222222222222222222222222222222222222222222222222222222222222222222222222222222222222222222222222222222222222222222222222222222
102|22222222222222222222222222222222222222222222222222222222222222222222222222222222222222222222222222222222222222222222222222222222
103|22222222222222222222222222222222222222222222222222222222222222222222222222222222222222222222222222222222222222222222222222222222
104|00000000000000000000000000000000000000000000000000000000000000000000000000000000000000000000000000000000000000000000000000000000
105|00000000000000000000000000000000000000000000000000000000000000000000000000000000000000000000000000000000000000000000000000000000
106|00000000000000000000000000000000000000000000000000000000000000000000000000000000000000000000000000000000000000000000000000000000
107|00000000000000000000000000000000000000000000000000000000000000000000000000000000000000000000000000000000000000000000000000000000
108|00000000000000000000000000000000000000000000000000000000000000000000000000000000000000000000000000000000000000000000000000000000
109|00000000000000000000000000000000000000000000000000000000000000000000000000000000000000000000000000000000000000000000000000000000
10A|00000000000000000000000000000000000000000000000000000000000000000000000000000000000000000000000000000000000000000000000000000000
10B|00000000000000000000000000000000000000000000000000000000000000000000000000000000000000000000000000000000000000000000000000000000
10C|00000000000000000000000000000000000000000000000000000000000000000000000000000000000000000000000000000000000000000000000000000000
10D|00000000000000000000000000000000000000000000000000000000000000000000000000000000000000000000000000000000000000000000000000000000
10E|00000000000000000000000000000000000000000000000000000000000000000000000000000000000000000000000000000000000000000000000000000000
10F|00000000000000000000000000000000000000000000000000000000000000000000000000000000000000000000000000000000000000000000000000000000
110|00000000000000000000000000000000000000000000000000000000000000000000000000000000000000000000000000000000000000000000000000000000
111|00000000000000000000000000000000000000000000000000000000000000000000000000000000000000000000000000000000000000000000000000000000
112|00000000000000000000000000000000000000000000000000000000000000000000000000000000000000000000000000000000000000000000000000000000
113|00000000000000000000000000000000000000000000000000000000000000000000000000000000000000000000000000000000000000000000000000000000
114|00000000000000000000000000000000000000000000000000000000000000000000000000000000000000000000000000000000000000000000000000000000
115|00000000000000000000000000000000000000000000000000000000000000000000000000000000000000000000000000000000000000000000000000000000
116|00000000000000000000000000000000000000000000000000000000000000000000000000000000000000000000000000000000000000000000000000000000
117|00000000000000000000000000000000000000000000000000000000000000000000000000000000000000000000000000000000000000000000000000000000
118|00000000000000000000000000000000000000000000000000000000000000000000000000000000000000000000000000000000000000000000000000000000
119|00000000000000000000000000000000000000000000000000000000000000000000000000000000000000000000000000000000000000000000000000000000
11A|00000000000000000000000000000000000000000000000000000000000000000000000000000000000000000000000000000000000000000000000000000000
11B|00000000000000000000000000000000000000000000000000000000000000000000000000000000000000000000000000000000000000000000000000000000
11C|00000000000000000000000000000000000000000000000000000000000000000000000000000000000000000000000000000000000000000000000000000000
11D|00000000000000000000000000000000000000000000000000000000000000000000000000000000000000000000000000000000000000000000000000000000
11E|00000000000000000000000000000000000000000000000000000000000000000000000000000000000000000000000000000000000000000000000000000000
10F|00000000000000000000000000000000000000000000000000000000000000000000000000000000000000000000000000000000000000000000000000000000
120|00000000000000000000000000000000000000000000000000000000000000000000000000000000000000000000000000000000000000000000000000000000
121|00000000000000000000000000000000000000000000000000000000000000000000000000000000000000000000000000000000000000000000000000000000
122|00000000000000000000000000000000000000000000000000000000000000000000000000000000000000000000000000000000000000000000000000000000
123|00000000000000000000000000000000000000000000000000000000000000000000000000000000000000000000000000000000000000000000000000000000
124|00000000000000000000000000000000000000000000000000000000000000000000000000000000000000000000000000000000000000000000000000000000
125|00000000000000000000000000000000000000000000000000000000000000000000000000000000000000000000000000000000000000000000000000000000
126|00000000000000000000000000000000000000000000000000000000000000000000000000000000000000000000000000000000000000000000000000000000
127|00000000000000000000000000000000000000000000000000000000000000000000000000000000000000000000000000000000000000000000000000000000
128|00000000000000000000000000000000000000000000000000000000000000000000000000000000000000000000000000000000000000000000000000000000
129|00000000000000000000000000000000000000000000000000000000000000000000000000000000000000000000000000000000000000000000000000000000
12A|00000000000000000000000000000000000000000000000000000000000000000000000000000000000000000000000000000000000000000000000000000000
12B|00000000000000000000000000000000000000000000000000000000000000000000000000000000000000000000000000000000000000000000000000000000
12C|00000000000000000000000000000000000000000000000000000000000000000000000000000000000000000000000000000000000000000000000000000000
12D|00000000000000000000000000000000000000000000000000000000000000000000000000000000000000000000000000000000000000000000000000000000
12E|00000000000000000000000000000000000000000000000000000000000000000000000000000000000000000000000000000000000000000000000000000000
12F|00000000000000000000000000000000000000000000000000000000000000000000000000000000000000000000000000000000000000000000000000000000
130|00000000000000000000000000000000000000000000000000000000000000000000000000000000000000000000000000000000000000000000000000000000
131|00000000000000000000000000000000000000000000000000000000000000000000000000000000000000000000000000000000000000000000000000000000
132|00000000000000000000000000000000000000000000000000000000000000000000000000000000000000000000000000000000000000000000000000000000
133|00000000000000000000000000000000000000000000000000000000000000000000000000000000000000000000000000000000000000000000000000000000
134|00000000000000000000000000000000000000000000000000000000000000000000000000000000000000000000000000000000000000000000000000000000
135|00000000000000000000000000000000000000000000000000000000000000000000000000000000000000000000000000000000000000000000000000000000
136|00000000000000000000000000000000000000000000000000000000000000000000000000000000000000000000000000000000000000000000000000000000
137|00000000000000000000000000000000000000000000000000000000000000000000000000000000000000000000000000000000000000000000000000000000
138|00000000000000000000000000000000000000000000000000000000000000000000000000000000000000000000000000000000000000000000000000000000
139|00000000000000000000000000000000000000000000000000000000000000000000000000000000000000000000000000000000000000000000000000000000
13A|00000000000000000000000000000000000000000000000000000000000000000000000000000000000000000000000000000000000000000000000000000000
13B|00000000000000000000000000000000000000000000000000000000000000000000000000000000000000000000000000000000000000000000000000000000
13C|11111111111111111111111111111111111111111111111111111111111111111111111111111111111111111111111111111111111111111111111111000000
13D|00000000000000000000000000000000000000000000000000000000000000000000000000000000000000000000000000000000000000000000000001000000
13E|00000000000000000000000000000000000000000000000000000000000000000000000000000000000000000000000000000000000000000000000001000000
13F|00000000000000000000000000000000000000000000000000000000000000000000000000000000000000000000000000000000000000000000000001000000
140|11111111111111111111111111111111111111111111111111111111111111111111111111111111111111111111111111111111111111111111111111000000
141|00000000000000000000000000000000000000000000000000000000000000000000000000000000000000000000000000000000000000000000000000000000
142|00000000000000000000000000000000000000000000000000000000000000000000000000000000000000000000000000000000000000000000000000000000
143|00000000000000000000000000000000000000000000000000000000000000000000000000000000000000000000000000000000000000000000000000000000
144|00000000000000000000000000000000000000000000000000000000000000000000000000000000000000000000000000000000000000000000000000000000
145|00000000000000000000000000000000000000000000000000000000000000000000000000000000000000000000000000000000000000000000000000000000
146|00000000000000000000000000000000000000000000000000000000000000000000000000000000000000000000000000000000000000000000000000000000
147|00000000000000000000000000000000000000000000000000000000000000000000000000000000000000000000000000000000000000000000000000000000
148|00000000000000000000000000000000000000000000000000000000000000000000000000000000000000000000000000000000000000000000000000000000
149|00000000000000000000000000000000000000000000000000000000000000000000000000000000000000000000000000000000000000000000000000000000
14A|00000000000000000000000000000000000000000000000000000000000000000000000000000000000000000000000000000000000000000000000000000000
14B|00000000000000000000000000000000000000000000000000000000000000000000000000000000000000000000000000000000000000000000000000000000
14C|00000000000000000000000000000000000000000000000000000000000000000000000000000000000000000000000000000000000000000000000000000000
14D|00000000000000000000000000000000000000000000000000000000000000000000000000000000000000000000000000000000000000000000000000000000
14E|00000000000000000000000000000000000000000000000000000000000000000000000000000000000000000000000000000000000000000000000000000000
14F|00000000000000000000000000000000000000000000000000000000000000000000000000000000000000000000000000000000000000000000000000000000
151|00000000000000000000000000000000000000000000000000000000000000000000000000000000000000000000000000000000000000000000000000000000
150|00000000000000000000000000000000000000000000000000000000000000000000000000000000000000000000000000000000000000000000000000000000
152|00000000000000000000000000000000000000000000000000000000000000000000000000000000000000000000000000000000000000000000000000000000
153|00000000000000000000000000000000000000000000000000000000000000000000000000000000000000000000000000000000000000000000000000000000
154|00000000000000000000000000000000000000000000000000000000000000000000000000000000000000000000000000000000000000000000000000000000
155|00000000000000000000000000000000000000000000000000000000000000000000000000000000000000000000000000000000000000000000000000000000
156|00000000000000000000000000000000000000000000000000000000000000000000000000000000000000000000000000000000000000000000000000000000
157|00000000000000000000000000000000000000000000000000000000000000000000000000000000000000000000000000000000000000000000000000000000
158|00000000000000000000000000000000000000000000000000000000000000000000000000000000000000000000000000000000000000000000000000000000
159|00000000000000000000000000000000000000000000000000000000000000000000000000000000000000000000000000000000000000000000000000000000
15A|00000000000000000000000000000000000000000000000000000000000000000000000000000000000000000000000000000000000000000000000000000000
15B|00000000000000000000000000000000000000000000000000000000000000000000000000000000000000000000000000000000000000000000000000000000
15C|00000000000000000000000000000000000000000000000000000000000000000000000000000000000000000000000000000000000000000000000000000000
15D|00000000000000000000000000000000000000000000000000000000000000000000000000000000000000000000000000000000000000000000000000000000
15E|00000000000000000000000000000000000000000000000000000000000000000000000000000000000000000000000000000000000000000000000000000000
15F|00000000000000000000000000000000000000000000000000000000000000000000000000000000000000000000000000000000000000000000000000000000
160|00000000000000000000000000000000000000000000000000000000000000000000000000000000000000000000000000000000000000000000000000000000
161|00000000000000000000000000000000000000000000000000000000000000000000000000000000000000000000000000000000000000000000000000000000
162|00000000000000000000000000000000000000000000000000000000000000000000000000000000000000000000000000000000000000000000000000000000
163|00000000000000000000000000000000000000000000000000000000000000000000000000000000000000000000000000000000000000000000000000000000
164|00000000000000000000000000000000000000000000000000000000000000000000000000000000000000000000000000000000000000000000000000000000
165|00000000000000000000000000000000000000000000000000000000000000000000000000000000000000000000000000000000000000000000000000000000
166|00000000000000000000000000000000000000000000000000000000000000000000000000000000000000000000000000000000000000000000000000000000
167|00000000000000000000000000000000000000000000000000000000000000000000000000000000000000000000000000000000000000000000000000000000
168|00000000000000000000000000000000000000000000000000000000000000000000000000000000000000000000000000000000000000000000000000000000
169|00000000000000000000000000000000000000000000000000000000000000000000000000000000000000000000000000000000000000000000000000000000
16A|00000000000000000000000000000000000000000000000000000000000000000000000000000000000000000000000000000000000000000000000000000000
16B|00000000000000000000000000000000000000000000000000000000000000000000000000000000000000000000000000000000000000000000000000000000
16C|00000000000000000000000000000000000000000000000000000000000000000000000000000000000000000000000000000000000000000000000000000000
16D|00000000000000000000000000000000000000000000000000000000000000000000000000000000000000000000000000000000000000000000000000000000
16E|00000000000000000000000000000000000000000000000000000000000000000000000000000000000000000000000000000000000000000000000000000000
16F|00000000000000000000000000000000000000000000000000000000000000000000000000000000000000000000000000000000000000000000000000000000
170|00000000000000000000000000000000000000000000000000000000000000000000000000000000000000000000000000000000000000000000000000000000
171|00000000000000000000000000000000000000000000000000000000000000000000000000000000000000000000000000000000000000000000000000000000
172|00000000000000000000000000000000000000000000000000000000000000000000000000000000000000000000000000000000000000000000000000000000
173|00000000000000000000000000000000000000000000000000000000000000000000000000000000000000000000000000000000000000000000000000000000
174|00000000000000000000000000000000000000000000000000000000000000000000000000000000000000000000000000000000000000000000000000000000
175|00000000000000000000000000000000000000000000000000000000000000000000000000000000000000000000000000000000000000000000000000000000
176|22222222222222222222222222222222222222222222222222222222222222222222222222222222222222222222222222222222222222222222222222222222
177|22222222222222222222222222222222222222222222222222222222222222222222222222222222222222222222222222222222222222222222222222222222
178|22222222222222222222222222222222222222222222222222222222222222222222222222222222222222222222222222222222222222222222222222222222
179|22222222222222222222222222222222222222222222222222222222222222222222222222222222222222222222222222222222222222222222222222222222
17A|22222222222222222222222222222222222222222222222222222222222222222222222222222222222222222222222222222222222222222222222222222222
17B|22222222222222222222222222222222222222222222222222222222222222222222222222222222222222222222222222222222222222222222222222222222
17C|22222222222222222222222222222222222222222222222222222222222222222222222222222222222222222222222222222222222222222222222222222222
17D|22222222222222222222222222222222222222222222222222222222222222222222222222222222222222222222222222222222222222222222222222222222
17E|22222222222222222222222222222222222222222222222222222222222222222222222222222222222222222222222222222222222222222222222222222222
17F|22222222222222222222222222222222222222222222222222222222222222222222222222222222222222222222222222222222222222222222222222222222